1578070899.325,257,257
1578070899.538,257,257
1578070899.752,257,257
1578070899.965,257,257
1578070900.181,257,257
1578070900.395,257,257
1578070900.610,257,257
1578070900.826,257,257
1578070901.042,257,257
1578070901.262,257,257
1578070901.482,257,257
1578070901.702,257,257
1578070901.924,257,257
1578070902.143,257,257
1578070902.363,257,257
1578070902.588,257,257
1578070902.806,257,257
1578070903.023,257,257
1578070903.244,257,257
1578070903.464,257,257
1578070903.685,257,257
1578070903.902,257,257
1578070904.122,257,257
1578070904.341,257,257
1578070904.563,257,257
1578070904.783,257,257
1578070905.004,257,257
1578070905.224,257,257
1578070905.443,257,257
1578070905.663,257,257
1578070905.882,257,257
1578070906.098,257,257
1578070906.318,257,257
1578070906.537,257,257
1578070906.757,257,257
1578070906.977,257,257
1578070907.198,257,257
1578070907.416,257,257
1578070907.630,257,257
1578070907.846,257,257
1578070908.065,257,257
1578070908.285,257,257
1578070908.507,257,257
1578070908.725,257,257
1578070908.941,257,257
1578070909.159,257,257
1578070909.376,257,257
1578070909.597,257,257
1578070909.817,257,257
1578070910.036,257,257
1578070910.256,257,257
1578070910.474,257,257
1578070910.694,257,257
1578070910.918,257,257
1578070911.137,257,257
1578070911.361,257,257
1578070911.577,257,257
1578070911.792,257,257
1578070912.008,257,257
1578070912.231,257,257
1578070912.450,257,257
1578070912.666,257,257
1578070912.880,257,257
1578070913.097,257,257
1578070913.316,257,257
1578070913.533,257,257
1578070913.749,257,257
1578070913.967,257,257
1578070914.187,257,257
1578070914.404,257,257
1578070914.619,257,257
1578070914.835,257,257
1578070915.053,257,257
1578070915.271,257,257
1578070915.492,257,257
1578070915.707,257,257
1578070915.924,257,257
1578070916.137,257,257
1578070916.355,257,257
1578070916.574,257,257
1578070916.792,257,257
1578070917.007,257,257
1578070917.220,257,257
1578070917.435,257,257
1578070917.657,257,257
1578070917.874,257,257
1578070918.090,257,257
1578070918.308,257,257
1578070918.526,257,257
1578070918.745,257,257
1578070918.959,257,257
1578070919.176,257,257
1578070919.392,257,257
1578070919.607,257,257
1578070919.822,257,257
1578070920.037,257,257
1578070920.254,257,257
1578070920.473,257,257
1578070920.689,257,257
1578070920.907,257,257
1578070921.128,257,257
1578070921.349,257,257
1578070921.566,257,257
1578070921.785,257,257
1578070922.006,257,257
1578070922.225,257,257
1578070922.447,257,257
1578070922.663,257,257
1578070922.879,257,257
1578070923.100,257,257
1578070923.324,257,257
1578070923.543,257,257
1578070923.761,257,257
1578070923.977,257,257
1578070924.196,257,257
1578070924.413,257,257
1578070924.630,257,257
1578070924.847,257,257
1578070925.066,257,257
1578070925.285,257,257
1578070925.505,257,257
1578070925.723,257,257
1578070925.942,257,257
1578070926.163,257,257
1578070926.383,257,257
1578070926.600,257,257
1578070926.821,257,257
1578070927.038,257,257
1578070927.255,257,257
1578070927.470,257,257
1578070927.688,257,257
1578070927.906,257,257
1578070928.126,257,257
1578070928.344,257,257
1578070928.563,257,257
1578070928.781,257,257
1578070928.997,257,257
1578070929.215,257,257
1578070929.434,257,257
1578070929.652,257,257
1578070929.869,257,257
1578070930.085,257,257
1578070930.305,257,257
1578070930.524,257,257
1578070930.740,257,257
1578070930.960,257,257
1578070931.183,257,257
1578070931.400,257,257
1578070931.617,257,257
1578070931.836,257,257
1578070932.054,257,257
1578070932.270,257,257
1578070932.492,257,257
1578070932.711,257,257
1578070932.931,257,257
1578070933.153,257,257
1578070933.375,257,257
1578070933.594,257,257
1578070933.820,257,257
1578070934.036,257,257
1578070934.255,257,257
1578070934.471,257,257
1578070934.690,257,257
1578070934.911,257,257
1578070935.132,257,257
1578070935.349,257,257
1578070935.570,257,257
1578070935.792,257,257
1578070936.015,257,257
1578070936.236,257,257
1578070936.456,257,257
1578070936.674,257,257
1578070936.892,257,257
1578070937.110,257,257
1578070937.328,257,257
1578070937.546,257,257
1578070937.765,257,257
1578070937.984,257,257
1578070938.204,257,257
1578070938.424,257,257
1578070938.642,257,257
1578070938.863,257,257
1578070939.085,257,257
1578070939.304,257,257
1578070939.519,257,257
1578070939.735,257,257
1578070939.953,257,257
1578070940.171,257,257
1578070940.389,257,257
1578070940.607,257,257
1578070940.824,257,257
1578070941.041,257,257
1578070941.263,257,257
1578070941.481,257,257
1578070941.702,257,257
1578070941.921,257,257
1578070942.139,257,257
1578070942.355,257,257
1578070942.571,257,257
1578070942.793,257,257
1578070943.010,257,257
1578070943.227,257,257
1578070943.445,257,257
1578070943.661,257,257
1578070943.880,257,257
1578070944.096,257,257
1578070944.311,257,257
1578070944.528,257,257
1578070944.744,257,257
1578070944.962,257,257
1578070945.180,257,257
1578070945.397,257,257
1578070945.614,257,257
1578070945.830,257,257
1578070946.047,257,257
1578070946.267,257,257
1578070946.485,257,257
1578070946.702,257,257
1578070946.923,257,257
1578070947.142,257,257
1578070947.362,257,257
1578070947.583,257,257
1578070947.800,257,257
1578070948.016,257,257
1578070948.232,257,257
1578070948.448,257,257
1578070948.664,257,257
1578070948.884,257,257
1578070949.104,257,257
1578070949.320,257,257
1578070949.536,257,257
1578070949.760,257,257
1578070949.988,257,257
1578070950.210,257,257
1578070950.428,257,257
1578070950.647,257,257
1578070950.867,257,257
1578070951.085,257,257
1578070951.301,257,257
1578070951.522,257,257
1578070951.740,257,257
1578070951.954,257,257
1578070952.174,257,257
1578070952.389,257,257
1578070952.614,257,257
1578070952.834,257,257
1578070953.054,257,257
1578070953.276,257,257
1578070953.492,257,257
1578070953.713,257,257
1578070953.927,257,257
1578070954.143,257,257
1578070954.361,257,257
1578070954.576,257,257
1578070954.790,257,257
1578070955.010,257,257
1578070955.226,257,257
1578070955.445,257,257
1578070955.665,257,257
1578070955.883,257,257
1578070956.099,257,257
1578070956.315,257,257
1578070956.531,257,257
1578070956.745,257,257
1578070956.961,257,257
1578070957.180,257,257
1578070957.397,257,257
1578070957.613,257,257
1578070957.832,257,257
1578070958.048,257,257
1578070958.266,257,257
1578070958.484,257,257
1578070958.702,257,257
1578070958.919,257,257
1578070959.138,257,257
1578070959.354,257,257
1578070959.574,257,257
1578070959.794,257,257
1578070960.013,257,257
1578070960.229,257,257
1578070960.446,257,257
1578070960.666,257,257
1578070960.886,257,257
1578070961.105,257,257
1578070961.322,257,257
1578070961.538,257,257
1578070961.755,257,257
1578070961.974,257,257
1578070962.192,257,257
1578070962.417,257,257
1578070962.637,257,257
1578070962.855,257,257
1578070963.075,257,257
1578070963.295,257,257
1578070963.517,257,257
1578070963.736,257,257
1578070963.955,257,257
1578070964.171,257,257
1578070964.389,257,257
1578070964.606,257,257
1578070964.825,257,257
1578070965.041,257,257
1578070965.267,257,257
1578070965.486,257,257
1578070965.702,257,257
1578070965.922,257,257
1578070966.139,257,257
1578070966.356,257,257
1578070966.573,257,257
1578070966.792,257,257
1578070967.010,257,257
1578070967.231,257,257
1578070967.448,257,257
1578070967.664,257,257
1578070967.885,257,257
1578070968.106,257,257
1578070968.325,257,257
1578070968.542,257,257
1578070968.757,257,257
1578070968.974,257,257
1578070969.193,257,257
1578070969.410,257,257
1578070969.629,257,257
1578070969.849,257,257
1578070970.067,257,257
1578070970.290,257,257
1578070970.507,257,257
1578070970.725,257,257
1578070970.944,257,257
1578070971.162,257,257
1578070971.382,257,257
1578070971.602,257,257
1578070971.823,257,257
1578070972.040,257,257
1578070972.258,257,257
1578070972.476,257,257
1578070972.702,257,257
1578070972.924,257,257
1578070973.140,257,257
1578070973.356,257,257
1578070973.577,257,257
1578070973.793,257,257
1578070974.013,257,257
1578070974.239,257,257
1578070974.457,257,257
1578070974.678,257,257
1578070974.901,257,257
1578070975.121,257,257
1578070975.345,257,257
1578070975.564,257,257
1578070975.784,257,257
1578070976.003,257,257
1578070976.219,257,257
1578070976.438,257,257
1578070976.655,257,257
1578070976.875,257,257
1578070977.091,257,257
1578070977.312,257,257
1578070977.530,257,257
1578070977.750,257,257
1578070977.969,257,257
1578070978.186,257,257
1578070978.405,257,257
1578070978.622,257,257
1578070978.844,257,257
1578070979.063,257,257
1578070979.280,257,257
1578070979.498,257,257
1578070979.715,257,257
1578070979.933,257,257
1578070980.152,257,257
1578070980.369,257,257
1578070980.589,257,257
1578070980.806,257,257
1578070981.024,257,257
1578070981.243,257,257
1578070981.459,257,257
1578070981.675,257,257
1578070981.891,257,257
1578070982.109,257,257
1578070982.330,257,257
1578070982.550,257,257
1578070982.769,257,257
1578070982.989,257,257
1578070983.214,257,257
1578070983.435,257,257
1578070983.652,257,257
1578070983.869,257,257
1578070984.089,257,257
1578070984.310,257,257
1578070984.529,257,257
1578070984.748,257,257
1578070984.969,257,257
1578070985.187,257,257
1578070985.407,257,257
1578070985.625,257,257
1578070985.842,257,257
1578070986.058,257,257
1578070986.278,257,257
1578070986.496,257,257
1578070986.714,257,257
1578070986.935,257,257
1578070987.154,257,257
1578070987.374,257,257
1578070987.592,257,257
1578070987.806,257,257
1578070988.021,257,257
1578070988.237,257,257
1578070988.455,257,257
1578070988.671,257,257
1578070988.892,257,257
1578070989.115,257,257
1578070989.333,257,257
1578070989.553,257,257
1578070989.771,257,257
1578070989.992,257,257
1578070990.211,257,257
1578070990.430,257,257
1578070990.652,257,257
1578070990.873,257,257
1578070991.095,257,257
1578070991.313,257,257
1578070991.539,257,257
1578070991.757,257,257
1578070991.976,257,257
1578070992.196,257,257
1578070992.421,257,257
1578070992.642,257,257
1578070992.861,257,257
1578070993.082,257,257
1578070993.298,257,257
1578070993.516,257,257
1578070993.737,257,257
1578070993.955,257,257
1578070994.175,257,257
1578070994.396,257,257
1578070994.616,257,257
1578070994.840,257,257
1578070995.062,257,257
1578070995.283,257,257
1578070995.500,257,257
1578070995.718,257,257
1578070995.939,257,257
1578070996.154,257,257
1578070996.370,257,257
1578070996.591,257,257
1578070996.805,257,257
1578070997.024,257,257
1578070997.240,257,257
1578070997.457,257,257
1578070997.676,257,257
1578070997.896,257,257
1578070998.116,257,257
1578070998.342,257,257
1578070998.562,257,257
1578070998.781,257,257
1578070999.004,257,257
1578070999.223,257,257
1578070999.440,257,257
1578070999.664,257,257
1578070999.884,257,257
1578071000.105,257,257
1578071000.323,257,257
1578071000.545,257,257
1578071000.765,257,257
1578071000.981,257,257
1578071001.201,257,257
1578071001.418,257,257
1578071001.637,257,257
1578071001.857,257,257
1578071002.077,257,257
1578071002.298,257,257
1578071002.516,257,257
1578071002.730,257,257
1578071002.949,257,257
1578071003.171,257,257
1578071003.390,257,257
1578071003.610,257,257
1578071003.828,257,257
1578071004.043,257,257
1578071004.258,257,257
1578071004.474,257,257
1578071004.691,257,257
1578071004.910,257,257
1578071005.127,257,257
1578071005.346,257,257
1578071005.566,257,257
1578071005.783,257,257
1578071006.003,257,257
1578071006.221,257,257
1578071006.445,257,257
1578071006.663,257,257
1578071006.884,257,257
1578071007.105,257,257
1578071007.328,257,257
1578071007.547,257,257
1578071007.765,257,257
1578071007.984,257,257
1578071008.205,257,257
1578071008.428,257,257
1578071008.647,257,257
1578071008.866,257,257
1578071009.085,257,257
1578071009.305,257,257
1578071009.524,257,257
1578071009.741,257,257
1578071009.963,257,257
1578071010.184,257,257
1578071010.405,257,257
1578071010.625,257,257
1578071010.845,257,257
1578071011.064,257,257
1578071011.288,257,257
1578071011.508,257,257
1578071011.729,257,257
1578071011.946,257,257
1578071012.168,257,257
1578071012.387,257,257
1578071012.613,257,257
1578071012.833,257,257
1578071013.049,257,257
1578071013.266,257,257
1578071013.486,257,257
1578071013.706,257,257
1578071013.927,257,257
1578071014.144,257,257
1578071014.361,257,257
1578071014.584,257,257
1578071014.804,257,257
1578071015.019,257,257
1578071015.240,257,257
1578071015.459,257,257
1578071015.678,257,257
1578071015.899,257,257
1578071016.118,257,257
1578071016.336,257,257
1578071016.556,257,257
1578071016.778,257,257
1578071016.997,257,257
1578071017.217,257,257
1578071017.434,257,257
1578071017.649,257,257
1578071017.866,257,257
1578071018.092,257,257
1578071018.313,257,257
1578071018.530,257,257
1578071018.747,257,257
1578071018.966,257,257
1578071019.189,257,257
1578071019.409,257,257
1578071019.627,257,257
1578071019.845,257,257
1578071020.065,257,257
1578071020.285,257,257
1578071020.505,257,257
1578071020.728,257,257
1578071020.948,257,257
1578071021.170,257,257
1578071021.392,257,257
1578071021.610,257,257
1578071021.826,257,257
1578071022.045,257,257
1578071022.266,257,257
1578071022.490,257,257
1578071022.717,257,257
1578071022.939,257,257
1578071023.156,257,257
1578071023.376,257,257
1578071023.592,257,257
1578071023.813,257,257
1578071024.032,257,257
1578071024.249,257,257
1578071024.469,257,257
1578071024.686,257,257
1578071024.907,257,257
1578071025.125,257,257
1578071025.345,257,257
1578071025.566,257,257
1578071025.788,257,257
1578071026.009,257,257
1578071026.233,257,257
1578071026.451,257,257
1578071026.675,257,257
1578071026.896,257,257
1578071027.113,257,257
1578071027.334,257,257
1578071027.554,257,257
1578071027.774,257,257
1578071027.992,257,257
1578071028.208,257,257
1578071028.425,257,257
1578071028.644,257,257
1578071028.864,257,257
1578071029.088,257,257
1578071029.310,257,257
1578071029.530,257,257
1578071029.750,257,257
1578071029.970,257,257
1578071030.189,257,257
1578071030.405,257,257
1578071030.625,257,257
1578071030.844,257,257
1578071031.064,257,257
1578071031.282,257,257
1578071031.499,257,257
1578071031.719,257,257
1578071031.939,257,257
1578071032.160,257,257
1578071032.381,257,257
1578071032.604,257,257
1578071032.821,257,257
1578071033.041,257,257
1578071033.260,257,257
1578071033.481,257,257
1578071033.702,257,257
1578071033.924,257,257
1578071034.142,257,257
1578071034.360,257,257
1578071034.578,257,257
1578071034.799,257,257
1578071035.019,257,257
1578071035.240,257,257
1578071035.459,257,257
1578071035.678,257,257
1578071035.896,257,257
1578071036.113,257,257
1578071036.334,257,257
1578071036.552,257,257
1578071036.769,257,257
1578071036.987,257,257
1578071037.208,257,257
1578071037.426,257,257
1578071037.645,257,257
1578071037.865,257,257
1578071038.087,257,257
1578071038.306,257,257
1578071038.527,257,257
1578071038.741,257,257
1578071038.964,257,257
1578071039.186,257,257
1578071039.407,257,257
1578071039.628,257,257
1578071039.849,257,257
1578071040.068,257,257
1578071040.292,257,257
1578071040.513,257,257
1578071040.732,257,257
1578071040.950,257,257
1578071041.172,257,257
1578071041.395,257,257
1578071041.613,257,257
1578071041.833,257,257
1578071042.058,257,257
1578071042.280,257,257
1578071042.497,257,257
1578071042.722,257,257
1578071042.943,257,257
1578071043.161,257,257
1578071043.381,257,257
1578071043.600,257,257
1578071043.820,257,257
1578071044.041,257,257
1578071044.263,257,257
1578071044.479,257,257
1578071044.696,257,257
1578071044.914,257,257
1578071045.130,257,257
1578071045.345,257,257
1578071045.561,257,257
1578071045.779,257,257
1578071045.994,257,257
1578071046.209,257,257
1578071046.429,257,257
1578071046.646,257,257
1578071046.862,257,257
1578071047.086,257,257
1578071047.308,257,257
1578071047.531,257,257
1578071047.753,257,257
1578071047.971,257,257
1578071048.192,257,257
1578071048.411,257,257
1578071048.629,257,257
1578071048.846,257,257
1578071049.064,257,257
1578071049.287,257,257
1578071049.508,257,257
1578071049.724,257,257
1578071049.944,257,257
1578071050.164,257,257
1578071050.381,257,257
1578071050.600,257,257
1578071050.823,257,257
1578071051.044,257,257
1578071051.265,257,257
1578071051.485,257,257
1578071051.706,257,257
1578071051.926,257,257
1578071052.144,257,257
1578071052.363,257,257
1578071052.591,257,257
1578071052.813,257,257
1578071053.034,257,257
1578071053.251,257,257
1578071053.468,257,257
1578071053.691,257,257
1578071053.911,257,257
1578071054.128,257,257
1578071054.347,257,257
1578071054.566,257,257
1578071054.784,257,257
1578071054.998,257,257
1578071055.219,257,257
1578071055.441,257,257
1578071055.664,257,257
1578071055.881,257,257
1578071056.098,257,257
1578071056.322,257,257
1578071056.544,257,257
1578071056.765,257,257
1578071056.982,257,257
1578071057.199,257,257
1578071057.419,257,257
1578071057.637,257,257
1578071057.853,257,257
1578071058.075,257,257
1578071058.296,257,257
1578071058.518,257,257
1578071058.736,257,257
1578071058.955,257,257
1578071059.175,257,257
1578071059.389,257,257
1578071059.608,257,257
1578071059.828,257,257
1578071060.050,257,257
1578071060.269,257,257
1578071060.492,257,257
1578071060.718,257,257
1578071060.935,257,257
1578071061.152,257,257
1578071061.374,257,257
1578071061.594,257,257
1578071061.814,257,257
1578071062.035,257,257
1578071062.255,257,257
1578071062.475,257,257
1578071062.700,257,257
1578071062.920,257,257
1578071063.141,257,257
1578071063.364,257,257
1578071063.585,257,257
1578071063.801,257,257
1578071064.022,257,257
1578071064.239,257,257
1578071064.457,257,257
1578071064.676,257,257
1578071064.894,257,257
1578071065.113,257,257
1578071065.331,257,257
1578071065.549,257,257
1578071065.767,257,257
1578071065.988,257,257
1578071066.209,257,257
1578071066.427,257,257
1578071066.646,257,257
1578071066.863,257,257
1578071067.078,257,257
1578071067.296,257,257
1578071067.513,257,257
1578071067.735,257,257
1578071067.954,257,257
1578071068.177,257,257
1578071068.396,257,257
1578071068.617,257,257
1578071068.833,257,257
1578071069.054,257,257
1578071069.272,257,257
1578071069.491,257,257
1578071069.710,257,257
1578071069.932,257,257
1578071070.150,257,257
1578071070.372,257,257
1578071070.589,257,257
1578071070.809,257,257
1578071071.030,257,257
1578071071.247,257,257
1578071071.465,257,257
1578071071.686,257,257
1578071071.907,257,257
1578071072.125,257,257
1578071072.341,257,257
1578071072.562,257,257
1578071072.783,257,257
1578071073.001,257,257
1578071073.218,257,257
1578071073.436,257,257
1578071073.655,257,257
1578071073.874,257,257
1578071074.094,257,257
1578071074.314,257,257
1578071074.534,257,257
1578071074.754,257,257
1578071074.973,257,257
1578071075.192,257,257
1578071075.409,257,257
1578071075.628,257,257
1578071075.846,257,257
1578071076.066,257,257
1578071076.285,257,257
1578071076.504,257,257
1578071076.721,257,257
1578071076.937,257,257
1578071077.153,257,257
1578071077.369,257,257
1578071077.585,257,257
1578071077.800,257,257
1578071078.016,257,257
1578071078.231,257,257
1578071078.451,257,257
1578071078.672,257,257
1578071078.891,257,257
1578071079.109,257,257
1578071079.326,257,257
1578071079.542,257,257
1578071079.764,257,257
1578071079.983,257,257
1578071080.201,257,257
1578071080.421,257,257
1578071080.638,257,257
1578071080.852,257,257
1578071081.071,257,257
1578071081.293,257,257
1578071081.509,257,257
1578071081.727,257,257
1578071081.948,257,257
1578071082.166,257,257
1578071082.382,257,257
1578071082.606,257,257
1578071082.827,257,257
1578071083.044,257,257
1578071083.265,257,257
1578071083.481,257,257
1578071083.699,257,257
1578071083.917,257,257
1578071084.136,257,257
1578071084.358,257,257
1578071084.576,257,257
1578071084.796,257,257
1578071085.019,257,257
1578071085.239,257,257
1578071085.462,257,257
1578071085.684,257,257
1578071085.906,257,257
1578071086.128,257,257
1578071086.349,257,257
1578071086.569,257,257
1578071086.788,257,257
1578071087.008,257,257
1578071087.228,257,257
1578071087.446,257,257
1578071087.664,257,257
1578071087.887,257,257
1578071088.105,257,257
1578071088.328,257,257
1578071088.545,257,257
1578071088.762,257,257
1578071088.985,257,257
1578071089.205,257,257
1578071089.424,257,257
1578071089.640,257,257
1578071089.859,257,257
1578071090.079,257,257
1578071090.299,257,257
1578071090.521,257,257
1578071090.740,257,257
1578071090.959,257,257
1578071091.178,257,257
1578071091.395,257,257
1578071091.615,257,257
1578071091.832,257,257
1578071092.053,257,257
1578071092.269,257,257
1578071092.487,257,257
1578071092.719,257,257
1578071092.943,257,257
1578071093.165,257,257
1578071093.381,257,257
1578071093.600,257,257
1578071093.820,257,257
1578071094.039,257,257
1578071094.259,257,257
1578071094.479,257,257
1578071094.698,257,257
1578071094.920,257,257
1578071095.140,257,257
1578071095.358,257,257
1578071095.577,257,257
1578071095.795,257,257
1578071096.011,257,257
1578071096.229,257,257
1578071096.446,257,257
1578071096.662,257,257
1578071096.885,257,257
1578071097.102,257,257
1578071097.324,257,257
1578071097.539,257,257
1578071097.756,257,257
1578071097.977,257,257
1578071098.195,257,257
1578071098.414,257,257
1578071098.631,257,257
1578071098.853,257,257
1578071099.071,257,257
1578071099.291,257,257
1578071099.515,257,257
1578071099.734,257,257
1578071099.952,257,257
1578071100.172,257,257
1578071100.390,257,257
1578071100.610,257,257
1578071100.827,257,257
1578071101.046,257,257
1578071101.262,257,257
1578071101.483,257,257
1578071101.699,257,257
1578071101.915,257,257
1578071102.133,257,257
1578071102.350,257,257
1578071102.565,257,257
1578071102.784,257,257
1578071103.001,257,257
1578071103.221,257,257
1578071103.443,257,257
1578071103.661,257,257
1578071103.888,257,257
1578071104.108,257,257
1578071104.325,257,257
1578071104.545,257,257
1578071104.761,257,257
1578071104.982,257,257
1578071105.203,257,257
1578071105.420,257,257
1578071105.640,257,257
1578071105.861,257,257
1578071106.083,257,257
1578071106.303,257,257
1578071106.520,257,257
1578071106.738,257,257
1578071106.956,257,257
1578071107.176,257,257
1578071107.393,257,257
1578071107.613,257,257
1578071107.829,257,257
1578071108.047,257,257
1578071108.265,257,257
1578071108.484,257,257
1578071108.702,257,257
1578071108.923,257,257
1578071109.143,257,257
1578071109.363,257,257
1578071109.583,257,257
1578071109.803,257,257
1578071110.021,257,257
1578071110.237,257,257
1578071110.453,257,257
1578071110.669,257,257
1578071110.889,257,257
1578071111.104,257,257
1578071111.322,257,257
1578071111.539,257,257
1578071111.758,257,257
1578071111.980,257,257
1578071112.199,257,257
1578071112.426,257,257
1578071112.645,257,257
1578071112.865,257,257
1578071113.084,257,257
1578071113.303,257,257
1578071113.520,257,257
1578071113.739,257,257
1578071113.957,257,257
1578071114.180,257,257
1578071114.398,257,257
1578071114.618,257,257
1578071114.836,257,257
1578071115.053,257,257
1578071115.273,257,257
1578071115.492,257,257
1578071115.710,257,257
1578071115.929,257,257
1578071116.146,257,257
1578071116.365,257,257
1578071116.583,257,257
1578071116.801,257,257
1578071117.021,257,257
1578071117.237,257,257
1578071117.453,257,257
1578071117.670,257,257
1578071117.888,257,257
1578071118.108,257,257
1578071118.325,257,257
1578071118.544,257,257
1578071118.762,257,257
1578071118.979,257,257
1578071119.199,257,257
1578071119.417,257,257
1578071119.632,257,257
1578071119.849,257,257
1578071120.067,257,257
1578071120.285,257,257
1578071120.508,257,257
1578071120.721,257,257
1578071120.946,257,257
1578071121.166,257,257
1578071121.383,257,257
1578071121.600,257,257
1578071121.825,257,257
1578071122.042,257,257
1578071122.264,257,257
1578071122.484,257,257
1578071122.711,257,257
1578071122.930,257,257
1578071123.150,257,257
1578071123.368,257,257
1578071123.586,257,257
1578071123.805,257,257
1578071124.025,257,257
1578071124.244,257,257
1578071124.465,257,257
1578071124.687,257,257
1578071124.906,257,257
1578071125.124,257,257
1578071125.344,257,257
1578071125.564,257,257
1578071125.786,257,257
1578071126.006,257,257
1578071126.226,257,257
1578071126.446,257,257
1578071126.665,257,257
1578071126.881,257,257
1578071127.102,257,257
1578071127.322,257,257
1578071127.546,257,257
1578071127.767,257,257
1578071127.987,257,257
1578071128.209,257,257
1578071128.427,257,257
1578071128.643,257,257
1578071128.859,257,257
1578071129.076,257,257
1578071129.293,257,257
1578071129.510,257,257
1578071129.729,257,257
1578071129.948,257,257
1578071130.166,257,257
1578071130.384,257,257
1578071130.601,257,257
1578071130.820,257,257
1578071131.041,257,257
1578071131.261,257,257
1578071131.482,257,257
1578071131.699,257,257
1578071131.917,257,257
1578071132.136,257,257
1578071132.354,257,257
1578071132.574,257,257
1578071132.795,257,257
1578071133.014,257,257
1578071133.232,257,257
1578071133.451,257,257
1578071133.666,257,257
1578071133.884,257,257
1578071134.103,257,257
1578071134.322,257,257
1578071134.539,257,257
1578071134.759,257,257
1578071134.981,257,257
1578071135.201,257,257
1578071135.421,257,257
1578071135.638,257,257
1578071135.855,257,257
1578071136.073,257,257
1578071136.291,257,257
1578071136.509,257,257
1578071136.728,257,257
1578071136.949,257,257
1578071137.171,257,257
1578071137.393,257,257
1578071137.609,257,257
1578071137.827,257,257
1578071138.048,257,257
1578071138.265,257,257
1578071138.484,257,257
1578071138.703,257,257
1578071138.923,257,257
1578071139.143,257,257
1578071139.363,257,257
1578071139.583,257,257
1578071139.803,257,257
1578071140.021,257,257
1578071140.238,257,257
1578071140.459,257,257
1578071140.682,257,257
1578071140.903,257,257
1578071141.124,257,257
1578071141.343,257,257
1578071141.559,257,257
1578071141.777,257,257
1578071141.996,257,257
1578071142.214,257,257
1578071142.431,257,257
1578071142.653,257,257
1578071142.869,257,257
1578071143.084,257,257
1578071143.307,257,257
1578071143.527,257,257
1578071143.744,257,257
1578071143.961,257,257
1578071144.178,257,257
1578071144.398,257,257
1578071144.616,257,257
1578071144.837,257,257
1578071145.054,257,257
1578071145.271,257,257
1578071145.488,257,257
1578071145.705,257,257
1578071145.924,257,257
1578071146.141,257,257
1578071146.359,257,257
1578071146.579,257,257
1578071146.799,257,257
1578071147.021,257,257
1578071147.241,257,257
1578071147.462,257,257
1578071147.682,257,257
1578071147.903,257,257
1578071148.123,257,257
1578071148.340,257,257
1578071148.557,257,257
1578071148.771,257,257
1578071148.987,257,257
1578071149.201,257,257
1578071149.418,257,257
1578071149.635,257,257
1578071149.855,257,257
1578071150.071,257,257
1578071150.288,257,257
1578071150.506,257,257
1578071150.726,257,257
1578071150.944,257,257
1578071151.168,257,257
1578071151.387,257,257
1578071151.605,257,257
1578071151.821,257,257
1578071152.037,257,257
1578071152.255,257,257
1578071152.476,257,257
1578071152.693,257,257
1578071152.913,257,257
1578071153.130,257,257
1578071153.348,257,257
1578071153.568,257,257
1578071153.791,257,257
1578071154.013,257,257
1578071154.230,257,257
1578071154.449,257,257
1578071154.670,257,257
1578071154.891,257,257
1578071155.109,257,257
1578071155.327,257,257
1578071155.547,257,257
1578071155.767,257,257
1578071155.989,257,257
1578071156.208,257,257
1578071156.428,257,257
1578071156.651,257,257
1578071156.873,257,257
1578071157.095,257,257
1578071157.317,257,257
1578071157.536,257,257
1578071157.754,257,257
1578071157.969,257,257
1578071158.188,257,257
1578071158.408,257,257
1578071158.629,257,257
1578071158.847,257,257
1578071159.065,257,257
1578071159.285,257,257
1578071159.502,257,257
1578071159.722,257,257
1578071159.939,257,257
1578071160.157,257,257
1578071160.377,257,257
1578071160.598,257,257
1578071160.818,257,257
1578071161.041,257,257
1578071161.263,257,257
1578071161.480,257,257
1578071161.700,257,257
1578071161.919,257,257
1578071162.139,257,257
1578071162.357,257,257
1578071162.573,257,257
1578071162.793,257,257
1578071163.009,257,257
1578071163.232,257,257
1578071163.453,257,257
1578071163.672,257,257
1578071163.890,257,257
1578071164.109,257,257
1578071164.326,257,257
1578071164.548,257,257
1578071164.767,257,257
1578071164.983,257,257
1578071165.200,257,257
1578071165.421,257,257
1578071165.643,257,257
1578071165.859,257,257
1578071166.079,257,257
1578071166.297,257,257
1578071166.517,257,257
1578071166.736,257,257
1578071166.956,257,257
1578071167.175,257,257
1578071167.389,257,257
1578071167.607,257,257
1578071167.826,257,257
1578071168.044,257,257
1578071168.264,257,257
1578071168.485,257,257
1578071168.707,257,257
1578071168.923,257,257
1578071169.140,257,257
1578071169.360,257,257
1578071169.582,257,257
1578071169.804,257,257
1578071170.025,257,257
1578071170.246,257,257
1578071170.466,257,257
1578071170.685,257,257
1578071170.905,257,257
1578071171.123,257,257
1578071171.340,257,257
1578071171.559,257,257
1578071171.779,257,257
1578071171.998,257,257
1578071172.218,257,257
1578071172.434,257,257
1578071172.659,257,257
1578071172.878,257,257
1578071173.095,257,257
1578071173.313,257,257
1578071173.534,257,257
1578071173.752,257,257
1578071173.971,257,257
1578071174.193,257,257
1578071174.411,257,257
1578071174.632,257,257
1578071174.854,257,257
1578071175.070,257,257
1578071175.288,257,257
1578071175.506,257,257
1578071175.724,257,257
1578071175.942,257,257
1578071176.161,257,257
1578071176.381,257,257
1578071176.600,257,257
1578071176.826,257,257
1578071177.048,257,257
1578071177.270,257,257
1578071177.492,257,257
1578071177.713,257,257
1578071177.930,257,257
1578071178.148,257,257
1578071178.365,257,257
1578071178.584,257,257
1578071178.803,257,257
1578071179.025,257,257
1578071179.246,257,257
1578071179.465,257,257
1578071179.684,257,257
1578071179.904,257,257
1578071180.121,257,257
1578071180.340,257,257
1578071180.558,257,257
1578071180.777,257,257
1578071180.994,257,257
1578071181.214,257,257
1578071181.434,257,257
1578071181.651,257,257
1578071181.871,257,257
1578071182.090,257,257
1578071182.309,257,257
1578071182.526,257,257
1578071182.740,257,257
1578071182.956,257,257
1578071183.180,257,257
1578071183.401,257,257
1578071183.620,257,257
1578071183.840,257,257
1578071184.058,257,257
1578071184.280,257,257
1578071184.499,257,257
1578071184.724,257,257
1578071184.945,257,257
1578071185.163,257,257
1578071185.383,257,257
1578071185.601,257,257
1578071185.818,257,257
1578071186.037,257,257
1578071186.257,257,257
1578071186.476,257,257
1578071186.695,257,257
1578071186.917,257,257
1578071187.136,257,257
1578071187.355,257,257
1578071187.571,257,257
1578071187.788,257,257
1578071188.007,257,257
1578071188.224,257,257
1578071188.439,257,257
1578071188.651,257,257
1578071188.867,257,257
1578071189.080,257,257
1578071189.296,257,257
1578071189.511,257,257
1578071189.727,257,257
1578071189.941,257,257
1578071190.158,257,257
1578071190.376,257,257
1578071190.595,257,257
1578071190.815,257,257
1578071191.035,257,257
1578071191.255,257,257
1578071191.474,257,257
1578071191.692,257,257
1578071191.909,257,257
1578071192.131,257,257
1578071192.351,257,257
1578071192.572,257,257
1578071192.792,257,257
1578071193.010,257,257
1578071193.227,257,257
1578071193.445,257,257
1578071193.664,257,257
1578071193.884,257,257
1578071194.104,257,257
1578071194.323,257,257
1578071194.544,257,257
1578071194.763,257,257
1578071194.980,257,257
1578071195.198,257,257
1578071195.416,257,257
1578071195.636,257,257
1578071195.854,257,257
1578071196.071,257,257
1578071196.290,257,257
1578071196.512,257,257
1578071196.732,257,257
1578071196.949,257,257
1578071197.164,257,257
1578071197.378,257,257
1578071197.593,257,257
1578071197.810,257,257
1578071198.033,257,257
1578071198.250,257,257
1578071198.467,257,257
1578071198.686,257,257
1578071198.905,257,257
1578071199.123,257,257
1578071199.340,257,257
1578071199.559,257,257
1578071199.777,257,257
1578071199.997,257,257
1578071200.216,257,257
1578071200.434,257,257
1578071200.653,257,257
1578071200.869,257,257
1578071201.092,257,257
1578071201.310,257,257
1578071201.529,257,257
1578071201.748,257,257
1578071201.970,257,257
1578071202.190,257,257
1578071202.413,257,257
1578071202.628,257,257
1578071202.843,257,257
1578071203.058,257,257
1578071203.278,257,257
1578071203.500,257,257
1578071203.719,257,257
1578071203.941,257,257
1578071204.160,257,257
1578071204.382,257,257
1578071204.599,257,257
1578071204.819,257,257
1578071205.037,257,257
1578071205.252,257,257
1578071205.468,257,257
1578071205.687,257,257
1578071205.903,257,257
1578071206.119,257,257
1578071206.335,257,257
1578071206.549,257,257
1578071206.765,257,257
1578071206.982,257,257
1578071207.199,257,257
1578071207.422,257,257
1578071207.643,257,257
1578071207.860,257,257
1578071208.084,257,257
1578071208.303,257,257
1578071208.522,257,257
1578071208.748,257,257
1578071208.970,257,257
1578071209.190,257,257
1578071209.410,257,257
1578071209.631,257,257
1578071209.848,257,257
1578071210.064,257,257
1578071210.285,257,257
1578071210.502,257,257
1578071210.720,257,257
1578071210.942,257,257
1578071211.160,257,257
1578071211.377,257,257
1578071211.593,257,257
1578071211.811,257,257
1578071212.033,257,257
1578071212.252,257,257
1578071212.474,257,257
1578071212.703,257,257
1578071212.924,257,257
1578071213.142,257,257
1578071213.363,257,257
1578071213.581,257,257
1578071213.799,257,257
1578071214.022,257,257
1578071214.241,257,257
1578071214.463,257,257
1578071214.685,257,257
1578071214.906,257,257
1578071215.126,257,257
1578071215.346,257,257
1578071215.566,257,257
1578071215.786,257,257
1578071216.004,257,257
1578071216.224,257,257
1578071216.443,257,257
1578071216.660,257,257
1578071216.877,257,257
1578071217.098,257,257
1578071217.321,257,257
1578071217.544,257,257
1578071217.763,257,257
1578071217.984,257,257
1578071218.200,257,257
1578071218.418,257,257
1578071218.638,257,257
1578071218.857,257,257
1578071219.074,257,257
1578071219.292,257,257
1578071219.509,257,257
1578071219.730,257,257
1578071219.949,257,257
1578071220.169,257,257
1578071220.387,257,257
1578071220.604,257,257
1578071220.821,257,257
1578071221.039,257,257
1578071221.262,257,257
1578071221.481,257,257
1578071221.702,257,257
1578071221.923,257,257
1578071222.141,257,257
1578071222.356,257,257
1578071222.571,257,257
1578071222.796,257,257
1578071223.014,257,257
1578071223.236,257,257
1578071223.457,257,257
1578071223.675,257,257
1578071223.893,257,257
1578071224.114,257,257
1578071224.334,257,257
1578071224.554,257,257
1578071224.772,257,257
1578071224.991,257,257
1578071225.208,257,257
1578071225.427,257,257
1578071225.647,257,257
1578071225.866,257,257
1578071226.085,257,257
1578071226.307,257,257
1578071226.528,257,257
1578071226.748,257,257
1578071226.968,257,257
1578071227.187,257,257
1578071227.405,257,257
1578071227.624,257,257
1578071227.842,257,257
1578071228.059,257,257
1578071228.282,257,257
1578071228.502,257,257
1578071228.723,257,257
1578071228.944,257,257
1578071229.158,257,257
1578071229.378,257,257
1578071229.595,257,257
1578071229.814,257,257
1578071230.035,257,257
1578071230.252,257,257
1578071230.473,257,257
1578071230.690,257,257
1578071230.915,257,257
1578071231.138,257,257
1578071231.356,257,257
1578071231.576,257,257
1578071231.794,257,257
1578071232.013,257,257
1578071232.228,257,257
1578071232.444,257,257
1578071232.664,257,257
1578071232.885,257,257
1578071233.101,257,257
1578071233.321,257,257
1578071233.545,257,257
1578071233.761,257,257
1578071233.980,257,257
1578071234.197,257,257
1578071234.414,257,257
1578071234.633,257,257
1578071234.849,257,257
1578071235.066,257,257
1578071235.285,257,257
1578071235.501,257,257
1578071235.720,257,257
1578071235.941,257,257
1578071236.160,257,257
1578071236.382,257,257
1578071236.600,257,257
1578071236.816,257,257
1578071237.032,257,257
1578071237.250,257,257
1578071237.468,257,257
1578071237.685,257,257
1578071237.903,257,257
1578071238.120,257,257
1578071238.340,257,257
1578071238.559,257,257
1578071238.781,257,257
1578071239.002,257,257
1578071239.221,257,257
1578071239.439,257,257
1578071239.659,257,257
1578071239.880,257,257
1578071240.100,257,257
1578071240.317,257,257
1578071240.535,257,257
1578071240.755,257,257
1578071240.973,257,257
1578071241.198,257,257
1578071241.419,257,257
1578071241.643,257,257
1578071241.861,257,257
1578071242.081,257,257
1578071242.300,257,257
1578071242.521,257,257
1578071242.737,257,257
1578071242.955,257,257
1578071243.175,257,257
1578071243.395,257,257
1578071243.614,257,257
1578071243.831,257,257
1578071244.049,257,257
1578071244.271,257,257
1578071244.492,257,257
1578071244.711,257,257
1578071244.933,257,257
1578071245.153,257,257
1578071245.368,257,257
1578071245.590,257,257
1578071245.809,257,257
1578071246.027,257,257
1578071246.245,257,257
1578071246.464,257,257
1578071246.684,257,257
1578071246.903,257,257
1578071247.121,257,257
1578071247.337,257,257
1578071247.551,257,257
1578071247.768,257,257
1578071247.984,257,257
1578071248.201,257,257
1578071248.420,257,257
1578071248.643,257,257
1578071248.863,257,257
1578071249.081,257,257
1578071249.300,257,257
1578071249.519,257,257
1578071249.739,257,257
1578071249.958,257,257
1578071250.179,257,257
1578071250.402,257,257
1578071250.619,257,257
1578071250.836,257,257
1578071251.058,257,257
1578071251.278,257,257
1578071251.496,257,257
1578071251.715,257,257
1578071251.933,257,257
1578071252.149,257,257
1578071252.365,257,257
1578071252.588,257,257
1578071252.816,257,257
1578071253.032,257,257
1578071253.248,257,257
1578071253.467,257,257
1578071253.686,257,257
1578071253.904,257,257
1578071254.122,257,257
1578071254.341,257,257
1578071254.562,257,257
1578071254.782,257,257
1578071255.002,257,257
1578071255.220,257,257
1578071255.436,257,257
1578071255.656,257,257
1578071255.874,257,257
1578071256.093,257,257
1578071256.311,257,257
1578071256.528,257,257
1578071256.748,257,257
1578071256.966,257,257
1578071257.185,257,257
1578071257.404,257,257
1578071257.623,257,257
1578071257.849,257,257
1578071258.067,257,257
1578071258.285,257,257
1578071258.503,257,257
1578071258.721,257,257
1578071258.941,257,257
1578071259.159,257,257
1578071259.383,257,257
1578071259.601,257,257
1578071259.821,257,257
1578071260.041,257,257
1578071260.267,257,257
1578071260.486,257,257
1578071260.705,257,257
1578071260.924,257,257
1578071261.142,257,257
1578071261.356,257,257
1578071261.572,257,257
1578071261.792,257,257
1578071262.007,257,257
1578071262.221,257,257
1578071262.435,257,257
1578071262.655,257,257
1578071262.874,257,257
1578071263.090,257,257
1578071263.309,257,257
1578071263.526,257,257
1578071263.745,257,257
1578071263.964,257,257
1578071264.186,257,257
1578071264.404,257,257
1578071264.622,257,257
1578071264.839,257,257
1578071265.059,257,257
1578071265.282,257,257
1578071265.499,257,257
1578071265.716,257,257
1578071265.935,257,257
1578071266.154,257,257
1578071266.373,257,257
1578071266.593,257,257
1578071266.814,257,257
1578071267.034,257,257
1578071267.253,257,257
1578071267.470,257,257
1578071267.687,257,257
1578071267.905,257,257
1578071268.121,257,257
1578071268.338,257,257
1578071268.554,257,257
1578071268.770,257,257
1578071268.988,257,257
1578071269.204,257,257
1578071269.421,257,257
1578071269.637,257,257
1578071269.853,257,257
1578071270.070,257,257
1578071270.288,257,257
1578071270.507,257,257
1578071270.726,257,257
1578071270.942,257,257
1578071271.159,257,257
1578071271.375,257,257
1578071271.594,257,257
1578071271.812,257,257
1578071272.028,257,257
1578071272.245,257,257
1578071272.461,257,257
1578071272.681,257,257
1578071272.897,257,257
1578071273.115,257,257
1578071273.332,257,257
1578071273.546,257,257
1578071273.763,257,257
1578071273.982,257,257
1578071274.201,257,257
1578071274.418,257,257
1578071274.637,257,257
1578071274.854,257,257
1578071275.070,257,257
1578071275.289,257,257
1578071275.506,257,257
1578071275.722,257,257
1578071275.940,257,257
1578071276.158,257,257
1578071276.377,257,257
1578071276.597,257,257
1578071276.816,257,257
1578071277.035,257,257
1578071277.253,257,257
1578071277.469,257,257
1578071277.686,257,257
1578071277.904,257,257
1578071278.120,257,257
1578071278.341,257,257
1578071278.563,257,257
1578071278.787,257,257
1578071279.008,257,257
1578071279.227,257,257
1578071279.445,257,257
1578071279.661,257,257
1578071279.881,257,257
1578071280.098,257,257
1578071280.317,257,257
1578071280.542,257,257
1578071280.759,257,257
1578071280.982,257,257
1578071281.204,257,257
1578071281.422,257,257
1578071281.641,257,257
1578071281.864,257,257
1578071282.086,257,257
1578071282.305,257,257
1578071282.525,257,257
1578071282.743,257,257
1578071282.959,257,257
1578071283.179,257,257
1578071283.402,257,257
1578071283.623,257,257
1578071283.840,257,257
1578071284.059,257,257
1578071284.281,257,257
1578071284.502,257,257
1578071284.722,257,257
1578071284.939,257,257
1578071285.160,257,257
1578071285.382,257,257
1578071285.599,257,257
1578071285.817,257,257
1578071286.039,257,257
1578071286.261,257,257
1578071286.483,257,257
1578071286.702,257,257
1578071286.922,257,257
1578071287.140,257,257
1578071287.359,257,257
1578071287.577,257,257
1578071287.798,257,257
1578071288.024,257,257
1578071288.244,257,257
1578071288.461,257,257
1578071288.681,257,257
1578071288.898,257,257
1578071289.117,257,257
1578071289.335,257,257
1578071289.553,257,257
1578071289.771,257,257
1578071289.989,257,257
1578071290.215,257,257
1578071290.438,257,257
1578071290.658,257,257
1578071290.878,257,257
1578071291.097,257,257
1578071291.313,257,257
1578071291.536,257,257
1578071291.755,257,257
1578071291.974,257,257
1578071292.191,257,257
1578071292.408,257,257
1578071292.631,257,257
1578071292.853,257,257
1578071293.070,257,257
1578071293.294,257,257
1578071293.515,257,257
1578071293.733,257,257
1578071293.950,257,257
1578071294.171,257,257
1578071294.388,257,257
1578071294.606,257,257
1578071294.825,257,257
1578071295.044,257,257
1578071295.268,257,257
1578071295.482,257,257
1578071295.698,257,257
1578071295.916,257,257
1578071296.138,257,257
1578071296.358,257,257
1578071296.580,257,257
1578071296.797,257,257
1578071297.018,257,257
1578071297.238,257,257
1578071297.458,257,257
1578071297.673,257,257
1578071297.890,257,257
1578071298.110,257,257
1578071298.329,257,257
1578071298.546,257,257
1578071298.764,257,257
1578071298.983,257,257
1578071299.200,257,257
1578071299.417,257,257
1578071299.636,257,257
1578071299.855,257,257
1578071300.076,257,257
1578071300.295,257,257
1578071300.514,257,257
1578071300.732,257,257
1578071300.946,257,257
1578071301.165,257,257
1578071301.382,257,257
1578071301.602,257,257
1578071301.821,257,257
1578071302.039,257,257
1578071302.256,257,257
1578071302.470,257,257
1578071302.688,257,257
1578071302.911,257,257
1578071303.134,257,257
1578071303.355,257,257
1578071303.572,257,257
1578071303.790,257,257
1578071304.011,257,257
1578071304.226,257,257
1578071304.445,257,257
1578071304.664,257,257
1578071304.884,257,257
1578071305.102,257,257
1578071305.320,257,257
1578071305.540,257,257
1578071305.762,257,257
1578071305.982,257,257
1578071306.201,257,257
1578071306.427,257,257
1578071306.648,257,257
1578071306.867,257,257
1578071307.089,257,257
1578071307.309,257,257
1578071307.532,257,257
1578071307.751,257,257
1578071307.970,257,257
1578071308.193,257,257
1578071308.413,257,257
1578071308.635,257,257
1578071308.857,257,257
1578071309.081,257,257
1578071309.298,257,257
1578071309.514,257,257
1578071309.732,257,257
1578071309.948,257,257
1578071310.165,257,257
1578071310.387,257,257
1578071310.606,257,257
1578071310.822,257,257
1578071311.040,257,257
1578071311.258,257,257
1578071311.480,257,257
1578071311.701,257,257
1578071311.922,257,257
1578071312.141,257,257
1578071312.362,257,257
1578071312.578,257,257
1578071312.807,257,257
1578071313.026,257,257
1578071313.244,257,257
1578071313.460,257,257
1578071313.684,257,257
1578071313.906,257,257
1578071314.130,257,257
1578071314.347,257,257
1578071314.566,257,257
1578071314.786,257,257
1578071315.008,257,257
1578071315.227,257,257
1578071315.445,257,257
1578071315.665,257,257
1578071315.884,257,257
1578071316.100,257,257
1578071316.321,257,257
1578071316.540,257,257
1578071316.763,257,257
1578071316.985,257,257
1578071317.209,257,257
1578071317.429,257,257
1578071317.652,257,257
1578071317.872,257,257
1578071318.089,257,257
1578071318.311,257,257
1578071318.528,257,257
1578071318.751,257,257
1578071318.968,257,257
1578071319.185,257,257
1578071319.409,257,257
1578071319.627,257,257
1578071319.847,257,257
1578071320.068,257,257
1578071320.288,257,257
1578071320.510,257,257
1578071320.731,257,257
1578071320.950,257,257
1578071321.167,257,257
1578071321.389,257,257
1578071321.607,257,257
1578071321.822,257,257
1578071322.046,257,257
1578071322.263,257,257
1578071322.481,257,257
1578071322.713,257,257
1578071322.932,257,257
1578071323.149,257,257
1578071323.365,257,257
1578071323.584,257,257
1578071323.801,257,257
1578071324.020,257,257
1578071324.243,257,257
1578071324.462,257,257
1578071324.686,257,257
1578071324.904,257,257
1578071325.122,257,257
1578071325.343,257,257
1578071325.561,257,257
1578071325.778,257,257
1578071325.994,257,257
1578071326.212,257,257
1578071326.431,257,257
1578071326.649,257,257
1578071326.870,257,257
1578071327.089,257,257
1578071327.309,257,257
1578071327.526,257,257
1578071327.745,257,257
1578071327.963,257,257
1578071328.182,257,257
1578071328.399,257,257
1578071328.617,257,257
1578071328.841,257,257
1578071329.059,257,257
1578071329.277,257,257
1578071329.493,257,257
1578071329.712,257,257
1578071329.930,257,257
1578071330.149,257,257
1578071330.368,257,257
1578071330.589,257,257
1578071330.810,257,257
1578071331.028,257,257
1578071331.248,257,257
1578071331.470,257,257
1578071331.693,257,257
1578071331.911,257,257
1578071332.127,257,257
1578071332.343,257,257
1578071332.558,257,257
1578071332.780,257,257
1578071333.001,257,257
1578071333.222,257,257
1578071333.442,257,257
1578071333.660,257,257
1578071333.883,257,257
1578071334.101,257,257
1578071334.320,257,257
1578071334.541,257,257
1578071334.762,257,257
1578071334.983,257,257
1578071335.200,257,257
1578071335.422,257,257
1578071335.640,257,257
1578071335.858,257,257
1578071336.077,257,257
1578071336.295,257,257
1578071336.513,257,257
1578071336.729,257,257
1578071336.946,257,257
1578071337.163,257,257
1578071337.383,257,257
1578071337.600,257,257
1578071337.816,257,257
1578071338.033,257,257
1578071338.253,257,257
1578071338.474,257,257
1578071338.694,257,257
1578071338.918,257,257
1578071339.138,257,257
1578071339.358,257,257
1578071339.578,257,257
1578071339.797,257,257
1578071340.015,257,257
1578071340.233,257,257
1578071340.450,257,257
1578071340.667,257,257
1578071340.887,257,257
1578071341.104,257,257
1578071341.325,257,257
1578071341.542,257,257
1578071341.760,257,257
1578071341.980,257,257
1578071342.200,257,257
1578071342.427,257,257
1578071342.646,257,257
1578071342.865,257,257
1578071343.084,257,257
1578071343.304,257,257
1578071343.521,257,257
1578071343.740,257,257
1578071343.961,257,257
1578071344.177,257,257
1578071344.395,257,257
1578071344.615,257,257
1578071344.834,257,257
1578071345.051,257,257
1578071345.268,257,257
1578071345.485,257,257
1578071345.701,257,257
1578071345.919,257,257
1578071346.139,257,257
1578071346.360,257,257
1578071346.577,257,257
1578071346.792,257,257
1578071347.013,257,257
1578071347.234,257,257
1578071347.451,257,257
1578071347.671,257,257
1578071347.893,257,257
1578071348.113,257,257
1578071348.332,257,257
1578071348.548,257,257
1578071348.769,257,257
1578071348.991,257,257
1578071349.209,257,257
1578071349.427,257,257
1578071349.648,257,257
1578071349.867,257,257
1578071350.088,257,257
1578071350.309,257,257
1578071350.527,257,257
1578071350.747,257,257
1578071350.967,257,257
1578071351.187,257,257
1578071351.407,257,257
1578071351.627,257,257
1578071351.845,257,257
1578071352.064,257,257
1578071352.280,257,257
1578071352.498,257,257
1578071352.715,257,257
1578071352.933,257,257
1578071353.151,257,257
1578071353.368,257,257
1578071353.586,257,257
1578071353.801,257,257
1578071354.021,257,257
1578071354.238,257,257
1578071354.457,257,257
1578071354.677,257,257
1578071354.896,257,257
1578071355.117,257,257
1578071355.337,257,257
1578071355.556,257,257
1578071355.774,257,257
1578071355.992,257,257
1578071356.211,257,257
1578071356.428,257,257
1578071356.644,257,257
1578071356.859,257,257
1578071357.077,257,257
1578071357.294,257,257
1578071357.512,257,257
1578071357.729,257,257
1578071357.944,257,257
1578071358.159,257,257
1578071358.382,257,257
1578071358.602,257,257
1578071358.823,257,257
1578071359.042,257,257
1578071359.264,257,257
1578071359.483,257,257
1578071359.700,257,257
1578071359.918,257,257
1578071360.137,257,257
1578071360.358,257,257
1578071360.580,257,257
1578071360.803,257,257
1578071361.023,257,257
1578071361.244,257,257
1578071361.465,257,257
1578071361.684,257,257
1578071361.905,257,257
1578071362.129,257,257
1578071362.348,257,257
1578071362.565,257,257
1578071362.784,257,257
1578071363.001,257,257
1578071363.219,257,257
1578071363.441,257,257
1578071363.660,257,257
1578071363.878,257,257
1578071364.094,257,257
1578071364.310,257,257
1578071364.528,257,257
1578071364.748,257,257
1578071364.964,257,257
1578071365.181,257,257
1578071365.402,257,257
1578071365.620,257,257
1578071365.842,257,257
1578071366.060,257,257
1578071366.281,257,257
1578071366.498,257,257
1578071366.718,257,257
1578071366.939,257,257
1578071367.158,257,257
1578071367.376,257,257
1578071367.595,257,257
1578071367.813,257,257
1578071368.030,257,257
1578071368.250,257,257
1578071368.467,257,257
1578071368.685,257,257
1578071368.901,257,257
1578071369.117,257,257
1578071369.333,257,257
1578071369.552,257,257
1578071369.768,257,257
1578071369.982,257,257
1578071370.202,257,257
1578071370.420,257,257
1578071370.642,257,257
1578071370.858,257,257
1578071371.075,257,257
1578071371.295,257,257
1578071371.512,257,257
1578071371.730,257,257
1578071371.948,257,257
1578071372.163,257,257
1578071372.379,257,257
1578071372.599,257,257
1578071372.823,257,257
1578071373.039,257,257
1578071373.261,257,257
1578071373.482,257,257
1578071373.702,257,257
1578071373.927,257,257
1578071374.147,257,257
1578071374.366,257,257
1578071374.585,257,257
1578071374.803,257,257
1578071375.019,257,257
1578071375.236,257,257
1578071375.456,257,257
1578071375.674,257,257
1578071375.895,257,257
1578071376.113,257,257
1578071376.329,257,257
1578071376.547,257,257
1578071376.769,257,257
1578071376.989,257,257
1578071377.205,257,257
1578071377.423,257,257
1578071377.639,257,257
1578071377.858,257,257
1578071378.077,257,257
1578071378.300,257,257
1578071378.518,257,257
1578071378.739,257,257
1578071378.958,257,257
1578071379.175,257,257
1578071379.393,257,257
1578071379.611,257,257
1578071379.830,257,257
1578071380.045,257,257
1578071380.262,257,257
1578071380.483,257,257
1578071380.700,257,257
1578071380.918,257,257
1578071381.135,257,257
1578071381.354,257,257
1578071381.570,257,257
1578071381.789,257,257
1578071382.005,257,257
1578071382.224,257,257
1578071382.445,257,257
1578071382.660,257,257
1578071382.882,257,257
1578071383.100,257,257
1578071383.317,257,257
1578071383.536,257,257
1578071383.756,257,257
1578071383.974,257,257
1578071384.192,257,257
1578071384.408,257,257
1578071384.624,257,257
1578071384.844,257,257
1578071385.063,257,257
1578071385.282,257,257
1578071385.500,257,257
1578071385.722,257,257
1578071385.942,257,257
1578071386.162,257,257
1578071386.380,257,257
1578071386.601,257,257
1578071386.820,257,257
1578071387.038,257,257
1578071387.256,257,257
1578071387.483,257,257
1578071387.701,257,257
1578071387.917,257,257
1578071388.135,257,257
1578071388.352,257,257
1578071388.568,257,257
1578071388.787,257,257
1578071389.006,257,257
1578071389.226,257,257
1578071389.445,257,257
1578071389.664,257,257
1578071389.883,257,257
1578071390.099,257,257
1578071390.314,257,257
1578071390.534,257,257
1578071390.754,257,257
1578071390.973,257,257
1578071391.193,257,257
1578071391.413,257,257
1578071391.633,257,257
1578071391.853,257,257
1578071392.069,257,257
1578071392.285,257,257
1578071392.503,257,257
1578071392.727,257,257
1578071392.944,257,257
1578071393.164,257,257
1578071393.383,257,257
1578071393.601,257,257
1578071393.822,257,257
1578071394.040,257,257
1578071394.258,257,257
1578071394.477,257,257
1578071394.694,257,257
1578071394.911,257,257
1578071395.127,257,257
1578071395.346,257,257
1578071395.566,257,257
1578071395.787,257,257
1578071396.001,257,257
1578071396.218,257,257
1578071396.436,257,257
1578071396.653,257,257
1578071396.872,257,257
1578071397.095,257,257
1578071397.313,257,257
1578071397.530,257,257
1578071397.748,257,257
1578071397.967,257,257
1578071398.187,257,257
1578071398.406,257,257
1578071398.625,257,257
1578071398.842,257,257
1578071399.057,257,257
1578071399.275,257,257
1578071399.495,257,257
1578071399.713,257,257
1578071399.932,257,257
1578071400.150,257,257
1578071400.368,257,257
1578071400.584,257,257
1578071400.799,257,257
1578071401.016,257,257
1578071401.230,257,257
1578071401.449,257,257
1578071401.672,257,257
1578071401.895,257,257
1578071402.117,257,257
1578071402.334,257,257
1578071402.551,257,257
1578071402.773,257,257
1578071402.989,257,257
1578071403.206,257,257
1578071403.423,257,257
1578071403.644,257,257
1578071403.861,257,257
1578071404.079,257,257
1578071404.299,257,257
1578071404.518,257,257
1578071404.738,257,257
1578071404.957,257,257
1578071405.175,257,257
1578071405.393,257,257
1578071405.612,257,257
1578071405.833,257,257
1578071406.053,257,257
1578071406.272,257,257
1578071406.489,257,257
1578071406.708,257,257
1578071406.929,257,257
1578071407.152,257,257
1578071407.374,257,257
1578071407.591,257,257
1578071407.813,257,257
1578071408.031,257,257
1578071408.251,257,257
1578071408.468,257,257
1578071408.690,257,257
1578071408.906,257,257
1578071409.126,257,257
1578071409.345,257,257
1578071409.565,257,257
1578071409.783,257,257
1578071410.004,257,257
1578071410.226,257,257
1578071410.444,257,257
1578071410.661,257,257
1578071410.887,257,257
1578071411.107,257,257
1578071411.327,257,257
1578071411.546,257,257
1578071411.767,257,257
1578071411.986,257,257
1578071412.206,257,257
1578071412.431,257,257
1578071412.652,257,257
1578071412.872,257,257
1578071413.093,257,257
1578071413.311,257,257
1578071413.530,257,257
1578071413.752,257,257
1578071413.976,257,257
1578071414.196,257,257
1578071414.419,257,257
1578071414.638,257,257
1578071414.854,257,257
1578071415.070,257,257
1578071415.287,257,257
1578071415.505,257,257
1578071415.720,257,257
1578071415.943,257,257
1578071416.158,257,257
1578071416.375,257,257
1578071416.592,257,257
1578071416.809,257,257
1578071417.028,257,257
1578071417.247,257,257
1578071417.464,257,257
1578071417.685,257,257
1578071417.904,257,257
1578071418.121,257,257
1578071418.337,257,257
1578071418.553,257,257
1578071418.769,257,257
1578071418.989,257,257
1578071419.208,257,257
1578071419.426,257,257
1578071419.645,257,257
1578071419.865,257,257
1578071420.085,257,257
1578071420.306,257,257
1578071420.526,257,257
1578071420.746,257,257
1578071420.968,257,257
1578071421.186,257,257
1578071421.406,257,257
1578071421.627,257,257
1578071421.848,257,257
1578071422.069,257,257
1578071422.291,257,257
1578071422.510,257,257
1578071422.734,257,257
1578071422.953,257,257
1578071423.172,257,257
1578071423.396,257,257
1578071423.615,257,257
1578071423.834,257,257
1578071424.054,257,257
1578071424.274,257,257
1578071424.491,257,257
1578071424.711,257,257
1578071424.929,257,257
1578071425.151,257,257
1578071425.372,257,257
1578071425.590,257,257
1578071425.808,257,257
1578071426.028,257,257
1578071426.249,257,257
1578071426.468,257,257
1578071426.691,257,257
1578071426.913,257,257
1578071427.135,257,257
1578071427.355,257,257
1578071427.574,257,257
1578071427.799,257,257
1578071428.026,257,257
1578071428.244,257,257
1578071428.462,257,257
1578071428.683,257,257
1578071428.900,257,257
1578071429.120,257,257
1578071429.341,257,257
1578071429.562,257,257
1578071429.777,257,257
1578071429.994,257,257
1578071430.214,257,257
1578071430.433,257,257
1578071430.654,257,257
1578071430.873,257,257
1578071431.091,257,257
1578071431.310,257,257
1578071431.531,257,257
1578071431.750,257,257
1578071431.965,257,257
1578071432.179,257,257
1578071432.394,257,257
1578071432.617,257,257
1578071432.833,257,257
1578071433.054,257,257
1578071433.275,257,257
1578071433.497,257,257
1578071433.720,257,257
1578071433.940,257,257
1578071434.161,257,257
1578071434.385,257,257
1578071434.605,257,257
1578071434.822,257,257
1578071435.039,257,257
1578071435.262,257,257
1578071435.487,257,257
1578071435.707,257,257
1578071435.927,257,257
1578071436.146,257,257
1578071436.368,257,257
1578071436.585,257,257
1578071436.803,257,257
1578071437.020,257,257
1578071437.242,257,257
1578071437.461,257,257
1578071437.680,257,257
1578071437.902,257,257
1578071438.118,257,257
1578071438.340,257,257
1578071438.561,257,257
1578071438.782,257,257
1578071438.998,257,257
1578071439.221,257,257
1578071439.439,257,257
1578071439.661,257,257
1578071439.883,257,257
1578071440.098,257,257
1578071440.312,257,257
1578071440.530,257,257
1578071440.747,257,257
1578071440.961,257,257
1578071441.179,257,257
1578071441.400,257,257
1578071441.626,257,257
1578071441.848,257,257
1578071442.065,257,257
1578071442.285,257,257
1578071442.503,257,257
1578071442.731,257,257
1578071442.947,257,257
1578071443.163,257,257
1578071443.383,257,257
1578071443.600,257,257
1578071443.818,257,257
1578071444.038,257,257
1578071444.259,257,257
1578071444.481,257,257
1578071444.701,257,257
1578071444.922,257,257
1578071445.145,257,257
1578071445.363,257,257
1578071445.582,257,257
1578071445.798,257,257
1578071446.014,257,257
1578071446.237,257,257
1578071446.458,257,257
1578071446.684,257,257
1578071446.906,257,257
1578071447.122,257,257
1578071447.339,257,257
1578071447.556,257,257
1578071447.772,257,257
1578071447.989,257,257
1578071448.206,257,257
1578071448.426,257,257
1578071448.648,257,257
1578071448.874,257,257
1578071449.093,257,257
1578071449.313,257,257
1578071449.530,257,257
1578071449.748,257,257
1578071449.971,257,257
1578071450.195,257,257
1578071450.416,257,257
1578071450.638,257,257
1578071450.858,257,257
1578071451.082,257,257
1578071451.303,257,257
1578071451.522,257,257
1578071451.742,257,257
1578071451.962,257,257
1578071452.181,257,257
1578071452.397,257,257
1578071452.627,257,257
1578071452.845,257,257
1578071453.061,257,257
1578071453.282,257,257
1578071453.500,257,257
1578071453.718,257,257
1578071453.935,257,257
1578071454.154,257,257
1578071454.373,257,257
1578071454.589,257,257
1578071454.811,257,257
1578071455.032,257,257
1578071455.248,257,257
1578071455.464,257,257
1578071455.681,257,257
1578071455.904,257,257
1578071456.119,257,257
1578071456.335,257,257
1578071456.552,257,257
1578071456.770,257,257
1578071456.989,257,257
1578071457.208,257,257
1578071457.425,257,257
1578071457.641,257,257
1578071457.861,257,257
1578071458.083,257,257
1578071458.299,257,257
1578071458.516,257,257
1578071458.736,257,257
1578071458.953,257,257
1578071459.170,257,257
1578071459.387,257,257
1578071459.607,257,257
1578071459.828,257,257
1578071460.046,257,257
1578071460.267,257,257
1578071460.487,257,257
1578071460.709,257,257
1578071460.932,257,257
1578071461.149,257,257
1578071461.366,257,257
1578071461.585,257,257
1578071461.801,257,257
1578071462.022,257,257
1578071462.245,257,257
1578071462.467,257,257
1578071462.688,257,257
1578071462.904,257,257
1578071463.120,257,257
1578071463.338,257,257
1578071463.560,257,257
1578071463.779,257,257
1578071463.998,257,257
1578071464.220,257,257
1578071464.438,257,257
1578071464.654,257,257
1578071464.873,257,257
1578071465.096,257,257
1578071465.320,257,257
1578071465.541,257,257
1578071465.768,257,257
1578071465.994,257,257
1578071466.219,257,257
1578071466.441,257,257
1578071466.666,257,257
1578071466.889,257,257
1578071467.108,257,257
1578071467.325,257,257
1578071467.542,257,257
1578071467.758,257,257
1578071467.976,257,257
1578071468.196,257,257
1578071468.412,257,257
1578071468.633,257,257
1578071468.853,257,257
1578071469.069,257,257
1578071469.287,257,257
1578071469.504,257,257
1578071469.725,257,257
1578071469.943,257,257
1578071470.162,257,257
1578071470.381,257,257
1578071470.603,257,257
1578071470.826,257,257
1578071471.047,257,257
1578071471.268,257,257
1578071471.486,257,257
1578071471.705,257,257
1578071471.925,257,257
1578071472.145,257,257
1578071472.367,257,257
1578071472.587,257,257
1578071472.819,257,257
1578071473.038,257,257
1578071473.258,257,257
1578071473.482,257,257
1578071473.700,257,257
1578071473.918,257,257
1578071474.142,257,257
1578071474.366,257,257
1578071474.589,257,257
1578071474.807,257,257
1578071475.023,257,257
1578071475.243,257,257
1578071475.461,257,257
1578071475.679,257,257
1578071475.899,257,257
1578071476.125,257,257
1578071476.350,257,257
1578071476.572,257,257
1578071476.792,257,257
1578071477.010,257,257
1578071477.229,257,257
1578071477.444,257,257
1578071477.666,257,257
1578071477.887,257,257
1578071478.106,257,257
1578071478.326,257,257
1578071478.548,257,257
1578071478.768,257,257
1578071478.990,257,257
1578071479.210,257,257
1578071479.433,257,257
1578071479.653,257,257
1578071479.869,257,257
1578071480.087,257,257
1578071480.307,257,257
1578071480.529,257,257
1578071480.747,257,257
1578071480.967,257,257
1578071481.190,257,257
1578071481.410,257,257
1578071481.631,257,257
1578071481.851,257,257
1578071482.068,257,257
1578071482.285,257,257
1578071482.501,257,257
1578071482.727,257,257
1578071482.946,257,257
1578071483.169,257,257
1578071483.391,257,257
1578071483.608,257,257
1578071483.830,257,257
1578071484.049,257,257
1578071484.274,257,257
1578071484.492,257,257
1578071484.710,257,257
1578071484.934,257,257
1578071485.149,257,257
1578071485.367,257,257
1578071485.585,257,257
1578071485.803,257,257
1578071486.022,257,257
1578071486.239,257,257
1578071486.460,257,257
1578071486.680,257,257
1578071486.896,257,257
1578071487.118,257,257
1578071487.336,257,257
1578071487.556,257,257
1578071487.775,257,257
1578071487.991,257,257
1578071488.210,257,257
1578071488.428,257,257
1578071488.647,257,257
1578071488.863,257,257
1578071489.080,257,257
1578071489.299,257,257
1578071489.520,257,257
1578071489.737,257,257
1578071489.954,257,257
1578071490.172,257,257
1578071490.388,257,257
1578071490.608,257,257
1578071490.826,257,257
1578071491.044,257,257
1578071491.263,257,257
1578071491.482,257,257
1578071491.699,257,257
1578071491.919,257,257
1578071492.137,257,257
1578071492.355,257,257
1578071492.572,257,257
1578071492.793,257,257
1578071493.016,257,257
1578071493.235,257,257
1578071493.455,257,257
1578071493.673,257,257
1578071493.891,257,257
1578071494.109,257,257
1578071494.330,257,257
1578071494.552,257,257
1578071494.768,257,257
1578071494.986,257,257
1578071495.205,257,257
1578071495.423,257,257
1578071495.641,257,257
1578071495.858,257,257
1578071496.080,257,257
1578071496.295,257,257
1578071496.510,257,257
1578071496.729,257,257
1578071496.946,257,257
1578071497.163,257,257
1578071497.382,257,257
1578071497.599,257,257
1578071497.817,257,257
1578071498.035,257,257
1578071498.253,257,257
1578071498.475,257,257
1578071498.696,257,257
1578071498.914,257,257
1578071499.130,257,257
1578071499.348,257,257
1578071499.565,257,257
1578071499.784,257,257
1578071500.001,257,257
1578071500.218,257,257
1578071500.434,257,257
1578071500.654,257,257
1578071500.873,257,257
1578071501.094,257,257
1578071501.314,257,257
1578071501.531,257,257
1578071501.750,257,257
1578071501.968,257,257
1578071502.186,257,257
1578071502.403,257,257
1578071502.628,257,257
1578071502.848,257,257
1578071503.069,257,257
1578071503.291,257,257
1578071503.509,257,257
1578071503.725,257,257
1578071503.941,257,257
1578071504.158,257,257
1578071504.376,257,257
1578071504.596,257,257
1578071504.816,257,257
1578071505.035,257,257
1578071505.253,257,257
1578071505.473,257,257
1578071505.692,257,257
1578071505.909,257,257
1578071506.127,257,257
1578071506.346,257,257
1578071506.566,257,257
1578071506.785,257,257
1578071507.003,257,257
1578071507.220,257,257
1578071507.436,257,257
1578071507.651,257,257
1578071507.869,257,257
1578071508.088,257,257
1578071508.305,257,257
1578071508.524,257,257
1578071508.741,257,257
1578071508.962,257,257
1578071509.180,257,257
1578071509.398,257,257
1578071509.614,257,257
1578071509.834,257,257
1578071510.054,257,257
1578071510.276,257,257
1578071510.496,257,257
1578071510.717,257,257
1578071510.935,257,257
1578071511.154,257,257
1578071511.373,257,257
1578071511.593,257,257
1578071511.813,257,257
1578071512.031,257,257
1578071512.249,257,257
1578071512.469,257,257
1578071512.690,257,257
1578071512.909,257,257
1578071513.125,257,257
1578071513.342,257,257
1578071513.562,257,257
1578071513.782,257,257
1578071514.000,257,257
1578071514.226,257,257
1578071514.445,257,257
1578071514.664,257,257
1578071514.883,257,257
1578071515.100,257,257
1578071515.317,257,257
1578071515.535,257,257
1578071515.753,257,257
1578071515.973,257,257
1578071516.189,257,257
1578071516.410,257,257
1578071516.628,257,257
1578071516.846,257,257
1578071517.071,257,257
1578071517.290,257,257
1578071517.510,257,257
1578071517.728,257,257
1578071517.946,257,257
1578071518.161,257,257
1578071518.377,257,257
1578071518.597,257,257
1578071518.814,257,257
1578071519.032,257,257
1578071519.248,257,257
1578071519.465,257,257
1578071519.684,257,257
1578071519.905,257,257
1578071520.123,257,257
1578071520.347,257,257
1578071520.567,257,257
1578071520.789,257,257
1578071521.012,257,257
1578071521.231,257,257
1578071521.448,257,257
1578071521.666,257,257
1578071521.882,257,257
1578071522.095,257,257
1578071522.311,257,257
1578071522.529,257,257
1578071522.746,257,257
1578071522.966,257,257
1578071523.187,257,257
1578071523.407,257,257
1578071523.623,257,257
1578071523.841,257,257
1578071524.057,257,257
1578071524.277,257,257
1578071524.497,257,257
1578071524.716,257,257
1578071524.933,257,257
1578071525.154,257,257
1578071525.374,257,257
1578071525.593,257,257
1578071525.810,257,257
1578071526.028,257,257
1578071526.251,257,257
1578071526.469,257,257
1578071526.692,257,257
1578071526.910,257,257
1578071527.127,257,257
1578071527.344,257,257
1578071527.563,257,257
1578071527.780,257,257
1578071527.999,257,257
1578071528.215,257,257
1578071528.434,257,257
1578071528.652,257,257
1578071528.872,257,257
1578071529.089,257,257
1578071529.310,257,257
1578071529.531,257,257
1578071529.748,257,257
1578071529.965,257,257
1578071530.184,257,257
1578071530.403,257,257
1578071530.620,257,257
1578071530.838,257,257
1578071531.056,257,257
1578071531.278,257,257
1578071531.497,257,257
1578071531.718,257,257
1578071531.935,257,257
1578071532.154,257,257
1578071532.372,257,257
1578071532.590,257,257
1578071532.817,257,257
1578071533.034,257,257
1578071533.255,257,257
1578071533.474,257,257
1578071533.695,257,257
1578071533.913,257,257
1578071534.131,257,257
1578071534.348,257,257
1578071534.567,257,257
1578071534.789,257,257
1578071535.011,257,257
1578071535.231,257,257
1578071535.448,257,257
1578071535.666,257,257
1578071535.879,257,257
1578071536.097,257,257
1578071536.315,257,257
1578071536.534,257,257
1578071536.752,257,257
1578071536.968,257,257
1578071537.188,257,257
1578071537.404,257,257
1578071537.620,257,257
1578071537.837,257,257
1578071538.052,257,257
1578071538.269,257,257
1578071538.486,257,257
1578071538.704,257,257
1578071538.923,257,257
1578071539.142,257,257
1578071539.359,257,257
1578071539.581,257,257
1578071539.801,257,257
1578071540.021,257,257
1578071540.238,257,257
1578071540.455,257,257
1578071540.670,257,257
1578071540.893,257,257
1578071541.112,257,257
1578071541.329,257,257
1578071541.549,257,257
1578071541.766,257,257
1578071541.986,257,257
1578071542.203,257,257
1578071542.426,257,257
1578071542.642,257,257
1578071542.861,257,257
1578071543.077,257,257
1578071543.295,257,257
1578071543.513,257,257
1578071543.730,257,257
1578071543.948,257,257
1578071544.168,257,257
1578071544.387,257,257
1578071544.603,257,257
1578071544.820,257,257
1578071545.040,257,257
1578071545.257,257,257
1578071545.479,257,257
1578071545.700,257,257
1578071545.921,257,257
1578071546.140,257,257
1578071546.359,257,257
1578071546.578,257,257
1578071546.795,257,257
1578071547.010,257,257
1578071547.227,257,257
1578071547.446,257,257
1578071547.659,257,257
1578071547.880,257,257
1578071548.098,257,257
1578071548.316,257,257
1578071548.537,257,257
1578071548.755,257,257
1578071548.974,257,257
1578071549.190,257,257
1578071549.413,257,257
1578071549.629,257,257
1578071549.847,257,257
1578071550.065,257,257
1578071550.287,257,257
1578071550.503,257,257
1578071550.721,257,257
1578071550.940,257,257
1578071551.161,257,257
1578071551.390,257,257
1578071551.611,257,257
1578071551.829,257,257
1578071552.047,257,257
1578071552.267,257,257
1578071552.484,257,257
1578071552.705,257,257
1578071552.921,257,257
1578071553.134,257,257
1578071553.349,257,257
1578071553.565,257,257
1578071553.785,257,257
1578071554.006,257,257
1578071554.222,257,257
1578071554.440,257,257
1578071554.657,257,257
1578071554.876,257,257
1578071555.094,257,257
1578071555.312,257,257
1578071555.527,257,257
1578071555.743,257,257
1578071555.959,257,257
1578071556.174,257,257
1578071556.387,257,257
1578071556.603,257,257
1578071556.825,257,257
1578071557.043,257,257
1578071557.260,257,257
1578071557.481,257,257
1578071557.700,257,257
1578071557.921,257,257
1578071558.137,257,257
1578071558.354,257,257
1578071558.575,257,257
1578071558.797,257,257
1578071559.017,257,257
1578071559.236,257,257
1578071559.452,257,257
1578071559.669,257,257
1578071559.885,257,257
1578071560.101,257,257
1578071560.321,257,257
1578071560.536,257,257
1578071560.756,257,257
1578071560.978,257,257
1578071561.198,257,257
1578071561.416,257,257
1578071561.636,257,257
1578071561.857,257,257
1578071562.076,257,257
1578071562.297,257,257
1578071562.513,257,257
1578071562.735,257,257
1578071562.951,257,257
1578071563.171,257,257
1578071563.388,257,257
1578071563.605,257,257
1578071563.825,257,257
1578071564.043,257,257
1578071564.260,257,257
1578071564.481,257,257
1578071564.702,257,257
1578071564.920,257,257
1578071565.141,257,257
1578071565.357,257,257
1578071565.581,257,257
1578071565.798,257,257
1578071566.018,257,257
1578071566.236,257,257
1578071566.456,257,257
1578071566.676,257,257
1578071566.893,257,257
1578071567.109,257,257
1578071567.328,257,257
1578071567.544,257,257
1578071567.760,257,257
1578071567.979,257,257
1578071568.199,257,257
1578071568.416,257,257
1578071568.634,257,257
1578071568.852,257,257
1578071569.071,257,257
1578071569.289,257,257
1578071569.504,257,257
1578071569.718,257,257
1578071569.935,257,257
1578071570.154,257,257
1578071570.372,257,257
1578071570.593,257,257
1578071570.814,257,257
1578071571.033,257,257
1578071571.251,257,257
1578071571.471,257,257
1578071571.692,257,257
1578071571.908,257,257
1578071572.127,257,257
1578071572.348,257,257
1578071572.568,257,257
1578071572.789,257,257
1578071573.005,257,257
1578071573.221,257,257
1578071573.438,257,257
1578071573.659,257,257
1578071573.879,257,257
1578071574.098,257,257
1578071574.322,257,257
1578071574.538,257,257
1578071574.754,257,257
1578071574.973,257,257
1578071575.193,257,257
1578071575.411,257,257
1578071575.627,257,257
1578071575.846,257,257
1578071576.066,257,257
1578071576.291,257,257
1578071576.509,257,257
1578071576.729,257,257
1578071576.950,257,257
1578071577.168,257,257
1578071577.384,257,257
1578071577.598,257,257
1578071577.814,257,257
1578071578.032,257,257
1578071578.248,257,257
1578071578.469,257,257
1578071578.688,257,257
1578071578.902,257,257
1578071579.120,257,257
1578071579.342,257,257
1578071579.561,257,257
1578071579.779,257,257
1578071579.995,257,257
1578071580.213,257,257
1578071580.435,257,257
1578071580.655,257,257
1578071580.874,257,257
1578071581.093,257,257
1578071581.311,257,257
1578071581.529,257,257
1578071581.755,257,257
1578071581.977,257,257
1578071582.195,257,257
1578071582.421,257,257
1578071582.642,257,257
1578071582.859,257,257
1578071583.076,257,257
1578071583.293,257,257
1578071583.509,257,257
1578071583.729,257,257
1578071583.952,257,257
1578071584.174,257,257
1578071584.395,257,257
1578071584.613,257,257
1578071584.829,257,257
1578071585.044,257,257
1578071585.261,257,257
1578071585.481,257,257
1578071585.701,257,257
1578071585.921,257,257
1578071586.142,257,257
1578071586.361,257,257
1578071586.578,257,257
1578071586.796,257,257
1578071587.016,257,257
1578071587.234,257,257
1578071587.453,257,257
1578071587.672,257,257
1578071587.891,257,257
1578071588.113,257,257
1578071588.337,257,257
1578071588.557,257,257
1578071588.779,257,257
1578071589.000,257,257
1578071589.217,257,257
1578071589.434,257,257
1578071589.653,257,257
1578071589.878,257,257
1578071590.103,257,257
1578071590.323,257,257
1578071590.540,257,257
1578071590.758,257,257
1578071590.977,257,257
1578071591.197,257,257
1578071591.417,257,257
1578071591.638,257,257
1578071591.860,257,257
1578071592.081,257,257
1578071592.298,257,257
1578071592.516,257,257
1578071592.737,257,257
1578071592.958,257,257
1578071593.176,257,257
1578071593.392,257,257
1578071593.612,257,257
1578071593.831,257,257
1578071594.048,257,257
1578071594.267,257,257
1578071594.487,257,257
1578071594.711,257,257
1578071594.932,257,257
1578071595.152,257,257
1578071595.372,257,257
1578071595.590,257,257
1578071595.811,257,257
1578071596.027,257,257
1578071596.242,257,257
1578071596.460,257,257
1578071596.680,257,257
1578071596.897,257,257
1578071597.115,257,257
1578071597.333,257,257
1578071597.549,257,257
1578071597.765,257,257
1578071597.985,257,257
1578071598.200,257,257
1578071598.416,257,257
1578071598.632,257,257
1578071598.848,257,257
1578071599.065,257,257
1578071599.283,257,257
1578071599.503,257,257
1578071599.720,257,257
1578071599.936,257,257
1578071600.154,257,257
1578071600.378,257,257
1578071600.597,257,257
1578071600.819,257,257
1578071601.040,257,257
1578071601.266,257,257
1578071601.489,257,257
1578071601.709,257,257
1578071601.927,257,257
1578071602.149,257,257
1578071602.373,257,257
1578071602.597,257,257
1578071602.821,257,257
1578071603.038,257,257
1578071603.257,257,257
1578071603.477,257,257
1578071603.693,257,257
1578071603.910,257,257
1578071604.130,257,257
1578071604.349,257,257
1578071604.569,257,257
1578071604.785,257,257
1578071605.001,257,257
1578071605.221,257,257
1578071605.441,257,257
1578071605.662,257,257
1578071605.881,257,257
1578071606.103,257,257
1578071606.319,257,257
1578071606.538,257,257
1578071606.758,257,257
1578071606.977,257,257
1578071607.194,257,257
1578071607.417,257,257
1578071607.635,257,257
1578071607.854,257,257
1578071608.071,257,257
1578071608.288,257,257
1578071608.507,257,257
1578071608.725,257,257
1578071608.942,257,257
1578071609.161,257,257
1578071609.379,257,257
1578071609.597,257,257
1578071609.815,257,257
1578071610.034,257,257
1578071610.254,257,257
1578071610.474,257,257
1578071610.693,257,257
1578071610.913,257,257
1578071611.133,257,257
1578071611.350,257,257
1578071611.567,257,257
1578071611.785,257,257
1578071612.006,257,257
1578071612.225,257,257
1578071612.443,257,257
1578071612.666,257,257
1578071612.884,257,257
1578071613.100,257,257
1578071613.319,257,257
1578071613.535,257,257
1578071613.750,257,257
1578071613.969,257,257
1578071614.193,257,257
1578071614.409,257,257
1578071614.626,257,257
1578071614.844,257,257
1578071615.067,257,257
1578071615.284,257,257
1578071615.502,257,257
1578071615.719,257,257
1578071615.941,257,257
1578071616.157,257,257
1578071616.380,257,257
1578071616.598,257,257
1578071616.816,257,257
1578071617.035,257,257
1578071617.252,257,257
1578071617.468,257,257
1578071617.685,257,257
1578071617.902,257,257
1578071618.120,257,257
1578071618.337,257,257
1578071618.554,257,257
1578071618.769,257,257
1578071618.984,257,257
1578071619.203,257,257
1578071619.419,257,257
1578071619.637,257,257
1578071619.854,257,257
1578071620.069,257,257
1578071620.285,257,257
1578071620.503,257,257
1578071620.719,257,257
1578071620.935,257,257
1578071621.152,257,257
1578071621.369,257,257
1578071621.589,257,257
1578071621.803,257,257
1578071622.019,257,257
1578071622.238,257,257
1578071622.456,257,257
1578071622.670,257,257
1578071622.891,257,257
1578071623.109,257,257
1578071623.327,257,257
1578071623.546,257,257
1578071623.762,257,257
1578071623.982,257,257
1578071624.198,257,257
1578071624.417,257,257
1578071624.636,257,257
1578071624.853,257,257
1578071625.071,257,257
1578071625.289,257,257
1578071625.507,257,257
1578071625.724,257,257
1578071625.941,257,257
1578071626.161,257,257
1578071626.381,257,257
1578071626.600,257,257
1578071626.819,257,257
1578071627.038,257,257
1578071627.257,257,257
1578071627.477,257,257
1578071627.696,257,257
1578071627.913,257,257
1578071628.132,257,257
1578071628.349,257,257
1578071628.571,257,257
1578071628.788,257,257
1578071629.004,257,257
1578071629.220,257,257
1578071629.436,257,257
1578071629.656,257,257
1578071629.877,257,257
1578071630.101,257,257
1578071630.322,257,257
1578071630.539,257,257
1578071630.757,257,257
1578071630.974,257,257
1578071631.192,257,257
1578071631.405,257,257
1578071631.623,257,257
1578071631.841,257,257
1578071632.061,257,257
1578071632.280,257,257
1578071632.496,257,257
1578071632.726,257,257
1578071632.944,257,257
1578071633.160,257,257
1578071633.377,257,257
1578071633.595,257,257
1578071633.811,257,257
1578071634.031,257,257
1578071634.247,257,257
1578071634.463,257,257
1578071634.680,257,257
1578071634.896,257,257
1578071635.113,257,257
1578071635.329,257,257
1578071635.549,257,257
1578071635.764,257,257
1578071635.983,257,257
1578071636.201,257,257
1578071636.421,257,257
1578071636.638,257,257
1578071636.857,257,257
1578071637.072,257,257
1578071637.287,257,257
1578071637.502,257,257
1578071637.717,257,257
1578071637.932,257,257
1578071638.151,257,257
1578071638.372,257,257
1578071638.589,257,257
1578071638.810,257,257
1578071639.031,257,257
1578071639.247,257,257
1578071639.466,257,257
1578071639.681,257,257
1578071639.898,257,257
1578071640.113,257,257
1578071640.330,257,257
1578071640.551,257,257
1578071640.769,257,257
1578071640.984,257,257
1578071641.201,257,257
1578071641.421,257,257
1578071641.641,257,257
1578071641.857,257,257
1578071642.076,257,257
1578071642.294,257,257
1578071642.509,257,257
1578071642.735,257,257
1578071642.952,257,257
1578071643.175,257,257
1578071643.394,257,257
1578071643.612,257,257
1578071643.831,257,257
1578071644.048,257,257
1578071644.267,257,257
1578071644.484,257,257
1578071644.703,257,257
1578071644.924,257,257
1578071645.139,257,257
1578071645.356,257,257
1578071645.577,257,257
1578071645.795,257,257
1578071646.014,257,257
1578071646.233,257,257
1578071646.452,257,257
1578071646.670,257,257
1578071646.888,257,257
1578071647.107,257,257
1578071647.329,257,257
1578071647.545,257,257
1578071647.765,257,257
1578071647.986,257,257
1578071648.206,257,257
1578071648.425,257,257
1578071648.645,257,257
1578071648.866,257,257
1578071649.086,257,257
1578071649.305,257,257
1578071649.525,257,257
1578071649.745,257,257
1578071649.964,257,257
1578071650.186,257,257
1578071650.409,257,257
1578071650.631,257,257
1578071650.848,257,257
1578071651.066,257,257
1578071651.287,257,257
1578071651.506,257,257
1578071651.727,257,257
1578071651.947,257,257
1578071652.165,257,257
1578071652.388,257,257
1578071652.610,257,257
1578071652.832,257,257
1578071653.050,257,257
1578071653.269,257,257
1578071653.492,257,257
1578071653.708,257,257
1578071653.926,257,257
1578071654.144,257,257
1578071654.363,257,257
1578071654.585,257,257
1578071654.804,257,257
1578071655.022,257,257
1578071655.238,257,257
1578071655.460,257,257
1578071655.680,257,257
1578071655.897,257,257
1578071656.113,257,257
1578071656.331,257,257
1578071656.551,257,257
1578071656.769,257,257
1578071656.987,257,257
1578071657.205,257,257
1578071657.422,256,256
1578071657.699,256,256
1578071657.918,256,256
1578071658.136,256,256
1578071658.357,256,256
1578071658.576,256,256
1578071658.797,256,256
1578071659.019,256,256
1578071659.240,256,256
1578071659.458,256,256
1578071659.677,256,256
1578071659.899,256,256
1578071660.122,256,256
1578071660.341,256,256
1578071660.562,256,256
1578071660.782,256,256
1578071661.004,256,256
1578071661.228,256,256
1578071661.450,256,256
1578071661.672,256,256
1578071661.890,256,256
1578071662.113,256,256
1578071662.329,256,256
1578071662.556,256,256
1578071662.779,256,256
1578071663.001,256,256
1578071663.221,256,256
1578071663.440,256,256
1578071663.659,256,256
1578071663.877,256,256
1578071664.095,256,256
1578071664.317,256,256
1578071664.536,256,256
1578071664.758,256,256
1578071664.981,256,256
1578071665.203,256,256
1578071665.427,256,256
1578071665.647,256,256
1578071665.868,256,256
1578071666.090,256,256
1578071666.312,256,256
1578071666.533,256,256
1578071666.751,256,256
1578071666.969,256,256
1578071667.188,256,256
1578071667.409,256,256
1578071667.629,256,256
1578071667.851,256,256
1578071668.072,256,256
1578071668.291,256,256
1578071668.513,256,256
1578071668.736,256,256
1578071668.958,256,256
1578071669.180,256,256
1578071669.398,256,256
1578071669.618,256,256
1578071669.836,256,256
1578071670.058,256,256
1578071670.281,256,256
1578071670.502,256,256
1578071670.722,256,256
1578071670.941,256,256
1578071671.166,256,256
1578071671.389,256,256
1578071671.609,256,256
1578071671.831,256,256
1578071672.053,256,256
1578071672.274,256,256
1578071672.490,256,256
1578071672.717,256,256
1578071672.936,256,256
1578071673.155,256,256
1578071673.375,256,256
1578071673.592,256,256
1578071673.810,256,256
1578071674.030,256,256
1578071674.256,256,256
1578071674.475,256,256
1578071674.695,256,256
1578071674.913,256,256
1578071675.134,256,256
1578071675.352,256,256
1578071675.573,256,256
1578071675.794,256,256
1578071676.014,256,256
1578071676.236,256,256
1578071676.458,256,256
1578071676.681,256,256
1578071676.899,256,256
1578071677.115,256,256
1578071677.331,256,256
1578071677.547,256,256
1578071677.763,256,256
1578071677.983,256,256
1578071678.200,256,256
1578071678.416,256,256
1578071678.630,256,256
1578071678.853,256,256
1578071679.069,256,256
1578071679.289,256,256
1578071679.510,256,256
1578071679.733,256,256
1578071679.953,256,256
1578071680.176,256,256
1578071680.399,256,256
1578071680.620,256,256
1578071680.841,256,256
1578071681.059,256,256
1578071681.282,256,256
1578071681.502,256,256
1578071681.723,256,256
1578071681.945,256,256
1578071682.168,256,256
1578071682.391,256,256
1578071682.618,256,256
1578071682.836,256,256
1578071683.054,256,256
1578071683.274,256,256
1578071683.498,256,256
1578071683.719,256,256
1578071683.941,256,256
1578071684.160,256,256
1578071684.379,256,256
1578071684.599,256,256
1578071684.818,256,256
1578071685.036,256,256
1578071685.254,256,256
1578071685.476,256,256
1578071685.698,256,256
1578071685.916,256,256
1578071686.131,256,256
1578071686.354,256,256
1578071686.575,256,256
1578071686.798,256,256
1578071687.021,256,256
1578071687.237,256,256
1578071687.459,256,256
1578071687.678,256,256
1578071687.895,256,256
1578071688.111,256,256
1578071688.328,256,256
1578071688.551,256,256
1578071688.776,256,256
1578071688.995,256,256
1578071689.214,256,256
1578071689.431,256,256
1578071689.647,256,256
1578071689.865,256,256
1578071690.083,256,256
1578071690.302,256,256
1578071690.521,256,256
1578071690.741,256,256
1578071690.958,256,256
1578071691.178,256,256
1578071691.395,256,256
1578071691.612,256,256
1578071691.831,256,256
1578071692.047,256,256
1578071692.264,256,256
1578071692.482,256,256
1578071692.698,256,256
1578071692.916,256,256
1578071693.135,256,256
1578071693.353,256,256
1578071693.572,256,256
1578071693.788,256,256
1578071694.007,256,256
1578071694.225,256,256
1578071694.446,256,256
1578071694.670,256,256
1578071694.893,256,256
1578071695.111,256,256
1578071695.328,256,256
1578071695.550,256,256
1578071695.769,256,256
1578071695.989,256,256
1578071696.209,256,256
1578071696.430,256,256
1578071696.648,256,256
1578071696.864,256,256
1578071697.080,256,256
1578071697.297,256,256
1578071697.519,256,256
1578071697.736,256,256
1578071697.957,256,256
1578071698.176,256,256
1578071698.394,256,256
1578071698.608,256,256
1578071698.822,256,256
1578071699.043,256,256
1578071699.264,256,256
1578071699.483,256,256
1578071699.703,256,256
1578071699.919,256,256
1578071700.137,256,256
1578071700.355,256,256
1578071700.571,256,256
1578071700.791,256,256
1578071701.007,256,256
1578071701.222,256,256
1578071701.450,256,256
1578071701.671,256,256
1578071701.888,256,256
1578071702.101,256,256
1578071702.321,256,256
1578071702.551,256,256
1578071702.768,256,256
1578071702.981,256,256
1578071703.196,256,256
1578071703.410,256,256
1578071703.625,256,256
1578071703.842,256,256
1578071704.061,256,256
1578071704.280,256,256
1578071704.495,256,256
1578071704.713,256,256
1578071704.927,256,256
1578071705.144,256,256
1578071705.359,256,256
1578071705.590,256,256
1578071705.814,256,256
1578071706.032,256,256
1578071706.247,256,256
1578071706.464,256,256
1578071706.681,256,256
1578071706.898,256,256
1578071707.115,256,256
1578071707.334,256,256
1578071707.553,256,256
1578071707.776,256,256
1578071707.995,256,256
1578071708.213,256,256
1578071708.435,256,256
1578071708.653,256,256
1578071708.875,256,256
1578071709.094,256,256
1578071709.315,256,256
1578071709.532,256,256
1578071709.756,256,256
1578071709.971,256,256
1578071710.187,256,256
1578071710.405,256,256
1578071710.623,256,256
1578071710.842,256,256
1578071711.061,256,256
1578071711.279,256,256
1578071711.497,256,256
1578071711.711,256,256
1578071711.927,256,256
1578071712.144,256,256
